5	1017306	100
5	1017555	90
5	1018995	0
5	1019134	90
5	1020326	0
5	1020829	0
5	1021580	0
5	1022629	0
5	1022980	90
5	1024467	100
5	1025005	0
5	1026194	100
5	1026260	100
5	1029481	90
5	1029489	90
5	1029612	0
5	1029908	100
5	1030683	90
5	1030879	0
5	1031044	100
5	1031503	0
5	1031703	100
5	1031913	90
5	1032638	100
5	1033451	0
5	1033747	0
5	1034883	100
5	1037490	0
5	1037847	90
5	1043384	90
5	1043454	0
5	1044487	0
5	1045525	0
5	1045704	90
5	1046331	0
5	1052054	0
5	1052094	0
5	1052200	0
5	1053407	0
5	1053686	100
5	1081608	90
5	1097498	0
5	1097550	0
5	1098048	0
5	1098125	0
5	1098209	0
5	1099251	100
5	1099368	0
6	1000335	50
6	1006078	30
6	1006373	70
6	1007610	30
6	1008023	30
6	1009453	70
6	1010542	70
6	1010787	70
6	1010797	50
6	1012174	0
6	1012809	90
6	1014252	70
6	1014312	70
6	1014635	50
6	1015272	0
6	1015424	50
6	1016419	30
6	1017240	50
6	1017435	0
6	1017874	50
6	1018587	70
6	1019576	70
6	1019857	70
6	1021142	0
6	1021815	30
6	1021869	70
6	1021912	30
6	1021928	50
6	1022010	70
6	1022226	50
6	1022925	70
6	1024670	0
6	1024844	70
6	1025831	70
6	1026015	90
6	1026882	50
6	1027009	50
6	1027741	0
6	1027743	30
6	1030933	30
6	1031044	70
6	1031096	0
6	1032224	30
6	1032444	50
6	1034801	90
6	1039719	90
6	1041052	30
6	1042272	50
6	1042768	50
6	1044604	0
6	1045021	70
6	1045525	30
6	1048335	90
6	1051787	30
6	1052054	70
6	1052200	30
6	1053387	50
6	1053507	70
6	1053653	30
6	1062238	90
6	1083194	50
6	1097498	70
6	1098048	70
6	1098099	70
6	1098349	50
6	1098595	70
6	1098798	70
6	1099096	50
6	1099097	50
6	1099173	50
7	1003242	90
7	1008877	90
7	1010309	90
7	1014312	90
7	1019067	90
7	1019134	90
7	1027978	90
7	1031044	90
7	1044486	90
7	1051565	90
7	1097498	90
7	1097579	90
7	1098100	90
7	1099097	90
7	1099145	90
8	1098955	90
8	1099097	90
9	1002217	70
9	1003408	90
9	1003579	30
9	1003794	90
9	1005409	30
9	1005637	30
9	1006748	30
9	1006831	50
9	1007748	90
9	1008330	30
9	1009158	50
9	1009545	90
9	1009869	90
9	1010065	90
9	1010191	90
9	1010269	90
9	1010797	90
9	1012152	90
9	1012271	30
9	1012424	30
9	1013025	90
9	1013119	50
9	1013589	90
9	1014312	90
9	1014426	70
9	1015750	90
9	1016600	50
9	1017989	90
9	1018124	90
9	1019457	70
9	1020601	90
9	1021515	90
9	1021912	70
9	1022257	90
9	1022288	50
9	1023041	90
9	1023111	70
9	1025719	90
9	1026260	30
9	1028746	90
9	1029127	90
9	1029227	90
9	1029489	90
9	1029764	90
9	1030366	90
9	1031338	90
9	1047997	90
9	1048338	90
9	1051730	90
9	1098680	90
10	1000125	90
10	1000286	30
10	1000335	70
10	1000398	30
10	1000454	40
10	1000905	50
10	1001123	50
10	1001236	25
10	1001649	50
10	1001925	40
10	1002280	30
10	1002434	50
10	1002766	60
10	1002815	60
10	1002922	50
10	1002960	50
10	1003454	10
10	1003522	10
10	1003794	90
10	1003899	50
10	1004121	50
10	1004468	80
10	1004976	20
10	1005017	10
10	1005290	90
10	1005409	50
10	1005605	60
10	1005637	50
10	1005854	50
10	1005881	50
10	1005938	30
10	1006055	50
10	1006078	56
10	1006175	70
10	1006242	40
10	1006316	50
10	1006748	50
10	1006831	50
10	1006860	65
10	1006971	60
10	1006978	100
10	1007098	50
10	1007340	65
10	1007434	50
10	1007610	90
10	1007723	50
10	1008023	20
10	1008037	40
10	1008330	50
10	1008451	76
10	1008492	20
10	1009158	50
10	1009214	20
10	1009400	20
10	1009453	50
10	1009496	70
10	1009545	34
10	1010065	50
10	1010191	25
10	1010317	50
10	1010542	20
10	1010722	50
10	1010787	60
10	1011104	60
10	1011139	16
10	1011148	90
10	1011846	70
10	1012011	50
10	1012012	40
10	1012152	50
10	1012271	60
10	1012424	50
10	1012651	10
10	1012752	20
10	1012884	56
10	1013012	10
10	1013111	50
10	1013119	50
10	1013135	50
10	1013213	20
10	1013354	30
10	1013438	40
10	1013589	20
10	1014091	40
10	1014174	50
10	1014252	30
10	1014312	50
10	1014374	40
10	1014463	30
10	1014635	100
10	1014678	50
10	1014692	50
10	1014733	50
10	1014855	50
10	1015033	50
10	1015272	76
10	1015715	50
10	1015750	50
10	1016051	50
10	1016419	30
10	1016522	50
10	1016600	30
10	1016663	50
10	1016793	50
10	1016885	80
10	1017031	80
10	1017240	20
10	1017317	50
10	1017511	40
10	1017555	50
10	1017658	50
10	1017781	50
10	1017874	70
10	1017880	50
10	1017989	5
10	1018124	60
10	1018252	30
10	1018587	30
10	1018620	56
10	1018686	40
10	1019070	50
10	1019134	50
10	1019331	50
10	1019512	90
10	1019522	100
10	1019802	100
10	1019857	90
10	1020036	50
10	1020524	90
10	1020601	50
10	1020778	70
10	1020983	60
10	1020993	50
10	1021142	65
10	1021402	50
10	1021580	20
10	1021623	30
10	1021718	50
10	1021815	20
10	1021869	60
10	1021928	100
10	1022226	30
10	1022601	50
10	1022808	90
10	1022980	50
10	1023479	50
10	1023509	85
10	1024095	50
10	1024111	50
10	1024272	45
10	1024759	76
10	1024951	50
10	1025681	50
10	1025801	50
10	1025831	40
10	1025892	50
10	1026044	70
10	1026260	50
10	1026581	45
10	1026620	50
10	1026819	50
10	1026882	10
10	1027496	50
10	1027718	30
10	1027798	60
10	1028073	40
10	1028746	50
10	1029091	40
10	1029127	50
10	1029227	10
10	1029275	50
10	1029489	40
10	1029737	50
10	1029764	50
10	1030683	50
10	1030710	10
10	1030879	10
10	1030933	60
10	1030937	20
10	1031469	100
10	1033326	50
10	1033451	50
10	1033613	50
10	1034047	50
10	1034801	45
10	1036157	50
10	1036736	70
10	1036743	80
10	1037066	50
10	1037490	50
10	1037698	50
10	1037847	60
10	1038931	36
10	1039877	60
10	1040071	50
10	1040751	50
10	1041557	34
10	1042768	5
10	1042991	50
10	1043818	50
10	1043833	90
10	1045021	60
10	1045704	20
10	1048324	90
10	1052069	20
10	1053507	50
10	1053653	50
10	1098098	96
10	1098153	50
10	1098224	50
10	1098461	50
10	1098595	50
10	1098798	40
10	1099096	50
11	1000264	90
11	1009352	90
11	1010787	90
11	1012752	90
11	1014635	0
11	1017240	50
11	1017874	50
11	1019522	50
11	1019857	90
11	1021992	90
11	1022226	90
11	1027263	50
11	1030666	90
11	1030760	90
11	1031091	90
11	1031573	90
11	1032861	0
11	1034801	90
11	1036157	90
11	1036736	30
11	1037847	0
11	1040742	90
11	1041052	50
11	1041557	90
11	1042768	90
11	1044605	90
11	1045021	90
11	1045024	70
11	1045696	90
11	1047130	50
11	1048335	90
11	1048952	70
11	1052054	90
11	1052234	90
11	1053507	90
11	1058980	90
11	1078363	0
11	1097504	90
11	1097585	70
11	1097969	90
11	1098048	30
11	1098109	0
11	1098270	50
11	1098461	100
11	1098588	50
11	1098595	90
11	1098798	90
11	1099096	90
11	1100969	0
12	1007420	0
12	1012012	0
12	1014091	0
12	1017511	0
12	1017874	90
12	1022601	0
12	1042272	90
12	1045696	90
12	1048335	50
12	1052054	90
12	1053507	90
12	1053653	0
12	1098595	90
12	1098650	90
12	1098798	90
12	1099183	90
13	1000252	100
13	1003229	90
13	1005290	100
13	1005472	90
13	1005605	100
13	1006475	98
13	1006971	90
13	1007098	90
13	1008781	100
13	1009942	0
13	1012859	98
13	1013691	90
13	1014174	0
13	1015445	90
13	1016600	90
13	1018587	90
13	1019331	90
13	1020036	50
13	1020323	90
13	1020940	90
13	1021580	90
13	1021623	51
13	1021815	90
13	1022890	98
13	1024095	15
13	1024549	90
13	1024565	50
13	1025475	90
13	1025577	100
13	1026044	96
13	1026620	90
13	1027333	90
13	1027798	90
13	1028073	93
13	1031368	98
13	1032135	70
13	1041884	90
13	1043060	1
13	1043818	96
13	1044999	90
13	1045342	100
13	1045614	70
13	1051683	90
13	1053653	96
13	1097036	96
13	1097164	98
13	1097990	70
13	1098153	98
13	1098563	96
14	1000276	100
14	1001301	100
14	1004095	80
14	1007331	90
14	1007446	100
14	1010309	100
14	1013213	90
14	1014120	90
14	1014635	100
14	1018344	100
14	1018980	100
14	1025005	100
14	1027009	100
14	1027741	90
14	1028100	100
14	1028955	100
14	1030691	100
14	1030879	90
14	1032861	80
14	1033427	50
14	1033451	100
14	1033613	100
14	1034904	50
14	1037847	100
14	1040692	100
14	1041735	80
14	1043454	100
14	1043718	100
14	1044487	100
14	1045525	100
14	1045704	100
14	1046331	90
14	1048320	100
14	1048902	100
14	1049197	100
14	1051565	90
14	1052200	100
14	1053407	100
14	1053686	80
14	1081608	100
14	1089503	100
14	1097368	100
14	1097498	100
14	1098209	80
14	1098234	100
14	1098799	90
14	1098995	30
14	1099015	100
14	1099049	100
14	1099097	100
14	1099251	100
14	1099257	100
14	1099537	100
14	1099550	100
14	1099699	80
15	1000335	90
15	1000454	90
15	1000905	0
15	1001624	70
15	1001779	0
15	1002355	0
15	1002389	90
15	1002790	90
15	1002815	70
15	1004159	0
15	1004468	90
15	1005017	50
15	1005290	70
15	1005331	50
15	1005909	90
15	1006078	70
15	1007098	50
15	1007340	90
15	1007610	30
15	1008023	90
15	1008492	0
15	1009073	90
15	1009214	90
15	1009352	90
15	1009400	90
15	1010542	90
15	1010722	90
15	1010787	90
15	1011710	90
15	1012884	90
15	1013151	70
15	1013542	0
15	1013735	90
15	1014252	70
15	1014635	90
15	1015272	70
15	1016419	70
15	1017240	90
15	1017874	90
15	1018587	0
15	1019456	70
15	1019512	90
15	1019522	90
15	1019857	90
15	1020268	90
15	1020313	90
15	1020524	90
15	1020778	90
15	1020983	90
15	1020993	0
15	1021142	90
15	1021527	90
15	1021815	90
15	1021869	90
15	1021912	50
15	1022010	70
15	1022096	50
15	1022226	90
15	1022925	50
15	1023964	0
15	1024759	50
15	1024844	70
15	1025831	90
15	1026612	90
15	1026882	90
15	1027385	90
15	1027386	90
15	1028073	90
15	1028255	70
15	1029753	70
15	1029833	90
15	1029910	50
15	1030037	90
15	1030277	0
15	1030760	90
15	1032774	90
15	1034801	90
15	1042272	90
15	1042768	90
15	1044487	0
15	1044605	90
15	1045021	70
15	1045525	0
15	1046217	0
15	1048825	50
15	1053507	90
15	1053653	90
15	1054175	70
15	1078363	50
15	1083194	50
15	1098099	90
15	1098208	50
15	1098270	70
15	1098595	70
15	1098798	50
15	1099485	0
16	1100710	96
17	1000286	90
17	1001612	90
17	1002280	90
17	1003229	100
17	1004976	50
17	1005017	90
17	1005881	90
17	1006078	90
17	1006175	90
17	1007331	90
17	1007420	100
17	1008023	90
17	1009453	50
17	1012012	90
17	1012651	70
17	1013438	90
17	1017240	30
17	1017959	100
17	1021815	70
17	1022601	90
17	1024130	90
17	1026581	90
17	1027718	90
17	1027743	50
17	1037731	90
17	1041735	70
17	1043718	70
17	1051689	100
17	1078363	80
17	1089503	50
17	1098109	50
17	1098337	50
17	1098529	90
18	1012623	90
18	1013213	90
18	1019067	90
18	1099534	90
18	1099699	90
18	1101416	90
19	1007959	90
19	1015278	90
19	1046217	0
19	1098798	0
20	1000012	82
20	1000252	74
20	1000276	80
20	1000286	80
20	1000335	79
20	1000398	90
20	1000454	90
20	1000656	30
20	1000746	90
20	1000861	80
20	1000905	80
20	1001073	90
20	1001137	90
20	1001301	70
20	1001624	80
20	1001625	80
20	1001649	85
20	1001700	50
20	1001779	90
20	1001862	80
20	1001925	92
20	1002202	85
20	1002217	90
20	1002256	70
20	1002365	73
20	1002389	87
20	1002542	100
20	1002766	80
20	1002790	96
20	1002839	20
20	1002955	50
20	1002960	92
20	1002990	80
20	1003063	61
20	1003229	78
20	1003349	87
20	1003408	79
20	1003454	90
20	1003522	80
20	1003525	79
20	1003574	60
20	1003704	30
20	1003846	80
20	1004078	90
20	1004167	83
20	1004453	80
20	1004459	13
20	1004568	90
20	1004785	80
20	1004866	72
20	1004878	80
20	1004943	90
20	1004947	61
20	1004976	80
20	1005017	93
20	1005290	90
20	1005410	80
20	1005472	70
20	1005474	90
20	1005513	70
20	1005580	50
20	1005605	90
20	1005881	90
20	1005938	100
20	1006016	70
20	1006078	90
20	1006130	90
20	1006149	91
20	1006175	78
20	1006227	85
20	1006316	90
20	1006803	80
20	1006953	59
20	1006971	70
20	1007098	90
20	1007206	76
20	1007275	61
20	1007331	80
20	1007340	70
20	1007374	80
20	1007420	80
20	1007607	91
20	1007610	80
20	1007723	60
20	1007939	80
20	1007986	75
20	1008023	71
20	1008099	80
20	1008277	80
20	1008412	80
20	1008492	60
20	1008505	80
20	1008603	88
20	1008656	40
20	1008667	79
20	1008847	60
20	1008873	73
20	1009073	60
20	1009158	70
20	1009214	90
20	1009321	70
20	1009326	80
20	1009352	87
20	1009400	90
20	1009453	73
20	1009730	80
20	1009850	80
20	1009954	78
20	1009965	90
20	1010065	79
20	1010122	80
20	1010234	80
20	1010299	90
20	1010317	85
20	1010542	78
20	1010561	56
20	1010722	90
20	1010787	78
20	1011104	78
20	1011242	63
20	1011512	69
20	1011532	80
20	1011586	90
20	1011623	80
20	1011710	80
20	1011846	90
20	1011848	79
20	1012011	78
20	1012145	80
20	1012285	80
20	1012481	80
20	1012648	90
20	1012651	90
20	1012752	50
20	1012764	90
20	1012859	91
20	1012903	80
20	1013012	85
20	1013025	80
20	1013104	80
20	1013151	83
20	1013213	80
20	1013280	90
20	1013354	50
20	1013384	70
20	1013424	94
20	1013438	86
20	1013492	70
20	1013543	70
20	1013596	70
20	1013649	90
20	1013691	90
20	1013806	75
20	1013915	87
20	1014120	80
20	1014252	70
20	1014312	70
20	1014381	80
20	1014426	70
20	1014463	60
20	1014855	81
20	1015034	70
20	1015161	90
20	1015272	90
20	1015374	70
20	1015387	80
20	1015439	80
20	1015493	81
20	1015560	73
20	1015725	90
20	1015750	70
20	1015787	64
20	1015805	83
20	1016051	85
20	1016419	80
20	1016600	90
20	1016793	75
20	1016885	20
20	1017031	88
20	1017122	90
20	1017240	81
20	1017274	87
20	1017354	80
20	1017474	80
20	1017559	89
20	1017568	60
20	1017644	90
20	1017716	80
20	1017764	90
20	1017819	56
20	1017874	0
20	1017927	90
20	1017989	60
20	1018138	78
20	1018224	90
20	1018252	60
20	1018342	30
20	1018587	90
20	1018620	82
20	1018686	70
20	1018759	70
20	1019059	90
20	1019331	90
20	1019456	90
20	1019512	60
20	1019522	80
20	1019547	87
20	1019658	80
20	1019802	80
20	1019857	80
20	1020265	86
20	1020268	36
20	1020313	69
20	1020326	90
20	1020487	78
20	1020640	80
20	1020739	74
20	1020778	78
20	1020940	78
20	1020983	83
20	1020993	90
20	1021054	60
20	1021142	79
20	1021186	70
20	1021265	65
20	1021300	72
20	1021402	20
20	1021580	81
20	1021623	65
20	1021718	76
20	1021754	63
20	1021815	85
20	1021869	80
20	1021912	60
20	1021928	40
20	1021958	70
20	1022226	95
20	1022385	80
20	1022538	83
20	1022601	60
20	1022925	98
20	1022980	50
20	1023000	70
20	1023070	90
20	1023106	87
20	1023274	90
20	1023356	90
20	1023542	90
20	1023566	83
20	1023631	74
20	1023790	80
20	1023876	59
20	1024111	90
20	1024130	90
20	1024523	92
20	1024533	90
20	1024538	90
20	1024549	70
20	1024565	80
20	1024602	80
20	1024639	75
20	1024844	80
20	1024951	70
20	1025173	90
20	1025268	70
20	1025396	81
20	1025475	70
20	1025477	95
20	1025681	90
20	1025776	77
20	1025801	83
20	1025831	90
20	1026007	89
20	1026015	83
20	1026044	80
20	1026109	60
20	1026184	80
20	1026209	60
20	1026288	76
20	1026328	70
20	1026420	60
20	1026500	80
20	1026581	81
