67	1000026	100
67	1000125	90
67	1000276	100
67	1001301	100
67	1001612	100
67	1001649	90
67	1002404	100
67	1002766	90
67	1002960	100
67	1003454	100
67	1003522	100
67	1004095	100
67	1004459	100
67	1004994	100
67	1005881	90
67	1007723	90
67	1008492	100
67	1010309	100
67	1011305	100
67	1012011	90
67	1012012	100
67	1012651	90
67	1012920	95
67	1012998	100
67	1013012	90
67	1013213	100
67	1013354	90
67	1014091	100
67	1014120	100
67	1014252	100
67	1014312	90
67	1015560	100
67	1015750	90
67	1015851	100
67	1016600	100
67	1016793	90
67	1017274	100
67	1017377	100
67	1017511	100
67	1017555	100
67	1017989	90
67	1018344	100
67	1018980	100
67	1019576	100
67	1019753	100
67	1020326	100
67	1020993	100
67	1021912	50
67	1022226	100
67	1022601	100
67	1022980	100
67	1023509	100
67	1025005	100
67	1025892	100
67	1026044	90
67	1026478	100
67	1026798	100
67	1026882	90
67	1027718	100
67	1027741	90
67	1030666	100
67	1030683	90
67	1030692	100
67	1030879	100
67	1030937	50
67	1031044	100
67	1031224	100
67	1032152	100
67	1032861	100
67	1033398	100
67	1033451	100
67	1033613	100
67	1034214	100
67	1034904	100
67	1036157	100
67	1037490	90
67	1037731	100
67	1037847	90
67	1039725	100
67	1040071	100
67	1040112	100
67	1040692	100
67	1041122	100
67	1041735	100
67	1042272	0
67	1042991	90
67	1043417	100
67	1043454	100
67	1044487	100
67	1045021	100
67	1045438	100
67	1045525	100
67	1045696	100
67	1045697	100
67	1045704	100
67	1046217	100
67	1046331	100
67	1048259	100
67	1048392	100
67	1049360	100
67	1051565	90
67	1051852	100
67	1052054	100
67	1052069	100
67	1053407	90
67	1053507	100
67	1053653	100
67	1053686	100
67	1058980	90
67	1062238	90
67	1078363	100
67	1079828	100
67	1081608	100
67	1089503	100
67	1097384	100
67	1097387	100
67	1097406	100
67	1097490	100
67	1097498	100
67	1097508	50
67	1097579	100
67	1097585	100
67	1098048	100
67	1098099	50
67	1098212	100
67	1098234	80
67	1098270	100
67	1098304	100
67	1098345	100
67	1098353	100
67	1098385	100
67	1098431	100
67	1098529	100
67	1098622	100
67	1098650	100
67	1098793	30
67	1098798	100
67	1098799	100
67	1098830	100
67	1098923	100
67	1098966	100
67	1098973	100
67	1098995	100
67	1099009	100
67	1099015	100
67	1099070	100
67	1099097	90
67	1099111	100
67	1099145	100
67	1099157	100
67	1099163	100
67	1099183	100
67	1099237	100
67	1099257	100
67	1099324	100
67	1099349	100
67	1099367	100
67	1099386	50
67	1099388	100
67	1099464	100
67	1099528	100
67	1099550	100
67	1099699	100
67	1100735	70
