1610703	1000004	30
1610703	1000006	6
1610703	1000012	90
1610703	1000026	0
1610703	1000084	30
1610703	1000125	0
1610703	1000143	100
1610703	1000152	41
1610703	1000163	70
1610703	1000193	30
1610703	1000202	0
1610703	1000235	40
1610703	1000247	40
1610703	1000252	77
1610703	1000264	70
1610703	1000276	0
1610703	1000286	0
1610703	1000292	14
1610703	1000297	10
1610703	1000335	40
1610703	1000353	0
1610703	1000362	0
1610703	1000388	0
1610703	1000398	0
1610703	1000409	0
1610703	1000412	0
1610703	1000414	0
1610703	1000418	0
1610703	1000431	0
1610703	1000454	40
1610703	1000516	0
1610703	1000524	0
1610703	1000525	0
1610703	1000529	0
1610703	1000544	0
1610703	1000547	0
1610703	1000559	0
1610703	1000583	0
1610703	1000656	81
1610703	1000686	0
1610703	1000726	0
1610703	1000730	0
1610703	1000738	0
1610703	1000742	0
1610703	1000746	0
1610703	1000753	0
1610703	1000786	0
1610703	1000843	0
1610703	1000861	4
1610703	1000887	0
1610703	1000905	90
1610703	1000958	0
1610703	1000966	0
1610703	1000971	0
1610703	1000990	10
1610703	1001055	0
1610703	1001063	0
1610703	1001072	0
1610703	1001073	0
1610703	1001077	0
1610703	1001123	71
1610703	1001137	92
1610703	1001146	0
1610703	1001208	0
1610703	1001220	0
1610703	1001236	0
1610703	1001244	0
1610703	1001271	83
1610703	1001301	0
1610703	1001318	0
1610703	1001327	0
1610703	1001367	0
1610703	1001371	0
1610703	1001373	0
1610703	1001413	0
1610703	1001431	0
1610703	1001445	0
1610703	1001457	0
1610703	1001478	0
1610703	1001488	0
1610703	1001490	0
1610703	1001496	0
1610703	1001500	0
1610703	1001512	0
1610703	1001527	40
1610703	1001533	0
1610703	1001584	0
1610703	1001606	0
1610703	1001612	0
1610703	1001624	0
1610703	1001629	0
1610703	1001632	0
1610703	1001649	0
1610703	1001661	0
1610703	1001700	0
1610703	1001703	0
1610703	1001745	0
1610703	1001757	0
1610703	1001773	0
1610703	1001775	0
1610703	1001779	40
1610703	1001783	0
1610703	1001857	0
1610703	1001862	47
1610703	1001890	0
1610703	1001925	82
1610703	1002045	0
1610703	1002183	0
1610703	1002184	0
1610703	1002202	90
1610703	1002209	0
1610703	1002217	80
1610703	1002237	0
1610703	1002256	81
1610703	1002258	0
1610703	1002280	0
1610703	1002289	0
1610703	1002295	60
1610703	1002327	0
1610703	1002351	0
1610703	1002356	0
1610703	1002365	81
1610703	1002389	0
1610703	1002404	0
1610703	1002425	0
1610703	1002428	0
1610703	1002434	0
1610703	1002442	0
1610703	1002476	2
1610703	1002480	0
1610703	1002481	0
1610703	1002513	0
1610703	1002542	57
1610703	1002563	0
1610703	1002588	30
1610703	1002589	30
1610703	1002597	0
1610703	1002600	0
1610703	1002609	0
1610703	1002625	37
1610703	1002634	0
1610703	1002644	0
1610703	1002649	0
1610703	1002738	0
1610703	1002766	64
1610703	1002790	20
1610703	1002815	0
1610703	1002835	0
1610703	1002839	0
1610703	1002850	0
1610703	1002861	0
1610703	1002864	0
1610703	1002876	0
1610703	1002911	0
1610703	1002922	0
1610703	1002934	0
1610703	1002955	60
1610703	1002960	0
1610703	1002961	0
1610703	1002963	30
1610703	1002983	0
1610703	1002990	0
1610703	1003004	0
1610703	1003007	70
1610703	1003014	0
1610703	1003021	0
1610703	1003028	0
1610703	1003042	0
1610703	1003049	0
1610703	1003054	0
1610703	1003061	10
1610703	1003063	0
1610703	1003099	0
1610703	1003106	10
1610703	1003125	92
1610703	1003158	0
1610703	1003165	40
1610703	1003216	0
1610703	1003229	20
1610703	1003242	0
1610703	1003249	80
1610703	1003262	60
1610703	1003272	60
1610703	1003273	0
1610703	1003283	0
1610703	1003289	0
1610703	1003292	0
1610703	1003318	0
1610703	1003333	0
1610703	1003342	0
1610703	1003349	0
1610703	1003367	0
1610703	1003382	0
1610703	1003398	0
1610703	1003408	0
1610703	1003423	0
1610703	1003424	0
1610703	1003454	0
1610703	1003479	0
1610703	1003485	0
1610703	1003508	0
1610703	1003509	0
1610703	1003520	0
1610703	1003522	0
1610703	1003525	30
1610703	1003527	0
1610703	1003550	0
1610703	1003551	0
1610703	1003554	0
1610703	1003570	0
1610703	1003574	60
1610703	1003596	0
1610703	1003603	50
1610703	1003627	40
1610703	1003688	80
1610703	1003697	0
1610703	1003704	0
1610703	1003735	0
1610703	1003767	0
1610703	1003771	0
1610703	1003774	0
1610703	1003776	0
1610703	1003785	0
1610703	1003800	0
1610703	1003810	0
1610703	1003815	0
1610703	1003816	0
1610703	1003841	0
1610703	1003846	0
1610703	1003855	0
1610703	1003860	0
1610703	1003882	0
1610703	1003902	83
1610703	1003927	0
1610703	1003929	0
1610703	1003934	0
1610703	1003950	0
1610703	1003956	0
1610703	1003957	4
1610703	1003960	20
1610703	1003966	10
1610703	1004030	0
1610703	1004042	0
1610703	1004063	0
1610703	1004070	0
1610703	1004078	81
1610703	1004084	60
1610703	1004095	30
1610703	1004107	0
1610703	1004109	0
1610703	1004121	0
1610703	1004124	85
1610703	1004132	1
1610703	1004148	0
1610703	1004151	0
1610703	1004157	0
1610703	1004158	0
1610703	1004167	30
1610703	1004218	0
1610703	1004223	0
1610703	1004247	90
1610703	1004254	0
1610703	1004266	0
1610703	1004276	0
1610703	1004295	0
1610703	1004322	0
1610703	1004327	0
1610703	1004333	0
1610703	1004335	0
1610703	1004364	30
1610703	1004378	0
1610703	1004380	0
1610703	1004411	0
1610703	1004421	0
1610703	1004453	98
1610703	1004459	0
1610703	1004468	26
1610703	1004469	20
1610703	1004470	0
1610703	1004485	0
1610703	1004522	10
1610703	1004524	0
1610703	1004531	0
1610703	1004546	0
1610703	1004568	92
1610703	1004571	0
1610703	1004575	0
1610703	1004578	0
1610703	1004582	0
1610703	1004586	0
1610703	1004606	0
1610703	1004623	0
1610703	1004631	20
1610703	1004632	0
1610703	1004633	0
1610703	1004690	0
1610703	1004703	0
1610703	1004712	10
1610703	1004751	0
1610703	1004785	20
1610703	1004819	0
1610703	1004843	0
1610703	1004850	0
1610703	1004866	0
1610703	1004877	0
1610703	1004878	10
1610703	1004892	10
1610703	1004940	0
1610703	1004943	0
1610703	1004947	80
1610703	1004954	6
1610703	1004963	83
1610703	1004972	0
1610703	1004976	0
1610703	1004984	17
1610703	1004994	0
1610703	1004995	0
1610703	1005004	0
1610703	1005011	0
1610703	1005016	0
1610703	1005017	0
1610703	1005022	0
1610703	1005036	0
1610703	1005064	0
1610703	1005111	0
1610703	1005195	0
1610703	1005205	8
1610703	1005209	76
1610703	1005238	0
1610703	1005252	10
1610703	1005288	30
1610703	1005290	10
1610703	1005302	0
1610703	1005304	0
1610703	1005316	0
1610703	1005319	0
1610703	1005331	50
1610703	1005353	30
1610703	1005360	0
1610703	1005409	0
1610703	1005410	0
1610703	1005416	0
1610703	1005467	0
1610703	1005472	0
1610703	1005474	0
1610703	1005493	0
1610703	1005514	60
1610703	1005545	0
1610703	1005546	0
1610703	1005547	71
1610703	1005571	0
1610703	1005580	70
1610703	1005586	0
1610703	1005595	0
1610703	1005598	32
1610703	1005605	20
1610703	1005611	0
1610703	1005618	0
1610703	1005637	0
1610703	1005640	50
1610703	1005653	0
1610703	1005655	0
1610703	1005660	0
1610703	1005663	0
1610703	1005676	0
1610703	1005684	0
1610703	1005690	50
1610703	1005696	0
1610703	1005721	0
1610703	1005767	0
1610703	1005792	0
1610703	1005807	8
1610703	1005812	0
1610703	1005822	0
1610703	1005829	0
1610703	1005837	0
1610703	1005854	0
1610703	1005881	90
1610703	1005891	0
1610703	1005909	0
1610703	1005929	0
1610703	1005938	10
1610703	1005945	0
1610703	1005968	0
1610703	1005980	0
1610703	1005988	0
1610703	1005990	0
1610703	1006005	50
1610703	1006016	96
1610703	1006025	10
1610703	1006046	0
1610703	1006048	0
1610703	1006055	0
1610703	1006067	0
1610703	1006078	0
1610703	1006120	0
1610703	1006130	0
1610703	1006144	0
1610703	1006147	0
1610703	1006149	0
1610703	1006151	0
1610703	1006166	0
1610703	1006175	70
1610703	1006182	0
1610703	1006195	0
1610703	1006206	0
1610703	1006217	0
1610703	1006227	0
1610703	1006238	0
1610703	1006242	99
1610703	1006284	0
1610703	1006288	10
1610703	1006296	0
1610703	1006316	30
1610703	1006322	0
1610703	1006373	85
1610703	1006379	0
1610703	1006389	0
1610703	1006390	0
1610703	1006409	0
1610703	1006431	46
1610703	1006435	0
1610703	1006442	0
1610703	1006460	0
1610703	1006511	1
1610703	1006527	0
1610703	1006545	0
1610703	1006571	0
1610703	1006577	0
1610703	1006587	0
1610703	1006612	0
1610703	1006659	20
1610703	1006673	0
1610703	1006699	0
1610703	1006748	0
1610703	1006760	0
1610703	1006788	0
1610703	1006797	0
1610703	1006799	0
1610703	1006801	0
1610703	1006805	0
1610703	1006816	10
1610703	1006831	0
1610703	1006854	19
1610703	1006860	2
1610703	1006865	15
1610703	1006877	2
1610703	1006884	0
1610703	1006892	0
1610703	1006924	0
1610703	1006925	0
1610703	1006926	0
1610703	1006953	0
1610703	1006954	0
1610703	1006958	8
1610703	1006961	0
1610703	1006971	30
1610703	1006978	70
1610703	1006999	0
1610703	1007009	0
1610703	1007023	90
1610703	1007025	0
1610703	1007026	0
1610703	1007035	0
1610703	1007087	0
1610703	1007095	0
1610703	1007098	100
1610703	1007104	0
1610703	1007111	0
1610703	1007114	0
1610703	1007119	0
1610703	1007168	35
1610703	1007203	0
1610703	1007206	0
1610703	1007229	0
1610703	1007273	0
1610703	1007275	80
1610703	1007286	10
1610703	1007326	6
1610703	1007329	0
1610703	1007331	20
1610703	1007339	0
1610703	1007340	0
1610703	1007350	0
1610703	1007351	0
1610703	1007374	70
1610703	1007381	0
1610703	1007420	0
1610703	1007446	10
1610703	1007467	0
1610703	1007470	0
1610703	1007503	0
1610703	1007518	0
1610703	1007520	0
1610703	1007538	0
1610703	1007542	35
1610703	1007554	0
1610703	1007562	0
1610703	1007607	0
1610703	1007610	10
1610703	1007626	0
1610703	1007670	0
1610703	1007682	0
1610703	1007723	32
1610703	1007730	0
1610703	1007748	0
1610703	1007772	0
1610703	1007779	40
1610703	1007894	0
1610703	1007923	0
1610703	1007939	81
1610703	1007959	0
1610703	1007986	0
1610703	1008003	0
1610703	1008023	0
1610703	1008025	0
1610703	1008037	0
1610703	1008048	0
1610703	1008073	0
1610703	1008087	0
1610703	1008099	40
1610703	1008127	0
1610703	1008153	0
1610703	1008159	0
1610703	1008169	90
1610703	1008193	0
1610703	1008194	0
1610703	1008221	0
1610703	1008257	60
1610703	1008279	0
1610703	1008330	0
1610703	1008334	0
1610703	1008384	0
1610703	1008404	0
1610703	1008412	0
1610703	1008444	0
1610703	1008451	0
1610703	1008454	94
1610703	1008466	0
1610703	1008488	0
1610703	1008492	86
1610703	1008499	0
1610703	1008505	10
1610703	1008513	0
1610703	1008543	4
1610703	1008551	0
1610703	1008581	0
1610703	1008603	50
1610703	1008624	0
1610703	1008628	0
1610703	1008635	0
1610703	1008640	0
1610703	1008649	0
1610703	1008651	40
1610703	1008656	70
1610703	1008659	10
1610703	1008667	52
1610703	1008711	8
1610703	1008743	0
1610703	1008758	0
1610703	1008761	0
1610703	1008776	2
1610703	1008780	0
1610703	1008781	70
1610703	1008787	10
1610703	1008839	0
1610703	1008847	10
1610703	1008873	10
1610703	1008874	10
1610703	1008877	0
1610703	1008955	0
1610703	1008975	0
1610703	1008984	0
1610703	1009073	90
1610703	1009080	0
1610703	1009112	10
1610703	1009133	0
1610703	1009158	0
1610703	1009167	70
1610703	1009181	0
1610703	1009184	0
1610703	1009190	61
1610703	1009204	0
1610703	1009208	0
1610703	1009214	0
1610703	1009262	0
1610703	1009320	0
1610703	1009321	0
1610703	1009323	0
1610703	1009326	70
1610703	1009333	70
1610703	1009352	90
1610703	1009387	0
1610703	1009397	0
1610703	1009400	17
1610703	1009433	0
1610703	1009473	0
1610703	1009478	0
1610703	1009492	0
1610703	1009496	0
1610703	1009499	0
1610703	1009501	0
1610703	1009504	0
1610703	1009517	4
1610703	1009522	0
1610703	1009544	50
1610703	1009545	0
1610703	1009549	0
1610703	1009555	0
1610703	1009567	0
1610703	1009585	0
1610703	1009646	0
1610703	1009660	0
1610703	1009680	0
1610703	1009681	0
1610703	1009684	0
1610703	1009692	30
1610703	1009693	0
1610703	1009697	0
1610703	1009699	0
1610703	1009720	4
1610703	1009730	13
1610703	1009734	0
1610703	1009739	0
1610703	1009757	80
1610703	1009768	0
1610703	1009770	0
1610703	1009808	80
1610703	1009847	0
1610703	1009849	0
1610703	1009850	92
1610703	1009880	0
1610703	1009942	0
1610703	1009952	0
1610703	1009954	100
1610703	1009965	0
1610703	1009989	0
1610703	1009997	0
1610703	1010004	0
1610703	1010040	0
1610703	1010045	0
1610703	1010065	0
1610703	1010068	0
1610703	1010070	0
1610703	1010106	20
1610703	1010122	0
1610703	1010176	41
1610703	1010191	0
1610703	1010212	0
1610703	1010234	0
1610703	1010235	0
1610703	1010270	0
1610703	1010275	0
1610703	1010276	0
1610703	1010279	0
1610703	1010282	0
1610703	1010286	0
1610703	1010299	67
1610703	1010309	0
1610703	1010317	0
1610703	1010349	0
1610703	1010400	40
1610703	1010413	70
1610703	1010462	0
1610703	1010469	0
1610703	1010474	81
1610703	1010476	0
1610703	1010542	70
1610703	1010560	0
1610703	1010585	0
1610703	1010604	90
1610703	1010620	0
1610703	1010647	0
1610703	1010710	0
1610703	1010713	0
1610703	1010719	0
1610703	1010722	0
1610703	1010740	40
1610703	1010747	20
1610703	1010762	0
1610703	1010774	0
1610703	1010787	78
1610703	1010790	10
1610703	1010797	0
1610703	1010825	0
1610703	1010841	0
1610703	1010848	0
1610703	1010892	0
1610703	1010900	0
1610703	1010936	0
1610703	1010993	0
1610703	1011033	0
1610703	1011080	0
1610703	1011104	4
1610703	1011136	0
1610703	1011139	0
1610703	1011148	0
1610703	1011161	0
1610703	1011196	0
1610703	1011199	0
1610703	1011200	0
1610703	1011242	20
1610703	1011274	0
1610703	1011318	4
1610703	1011327	0
1610703	1011332	0
1610703	1011336	4
1610703	1011337	0
1610703	1011411	0
1610703	1011466	0
1610703	1011486	0
1610703	1011512	0
1610703	1011543	0
1610703	1011548	0
1610703	1011586	98
1610703	1011615	0
1610703	1011623	81
1610703	1011625	0
1610703	1011626	0
1610703	1011633	0
1610703	1011644	0
1610703	1011710	0
1610703	1011734	0
1610703	1011810	0
1610703	1011829	0
1610703	1011831	0
1610703	1011846	2
1610703	1011848	10
1610703	1011860	0
1610703	1011894	0
1610703	1011901	0
1610703	1011930	0
1610703	1011942	0
1610703	1011943	0
1610703	1011949	0
1610703	1011995	0
1610703	1012004	0
1610703	1012011	0
1610703	1012012	39
1610703	1012028	0
1610703	1012062	0
1610703	1012124	0
1610703	1012145	50
1610703	1012152	0
1610703	1012163	0
1610703	1012170	0
1610703	1012174	0
1610703	1012229	0
1610703	1012270	0
1610703	1012271	0
1610703	1012284	17
1610703	1012285	0
1610703	1012286	80
1610703	1012319	0
1610703	1012322	0
1610703	1012335	0
1610703	1012376	6
1610703	1012395	4
1610703	1012401	0
1610703	1012406	0
1610703	1012410	0
1610703	1012435	0
1610703	1012452	0
1610703	1012475	92
1610703	1012481	34
1610703	1012498	0
1610703	1012549	50
1610703	1012557	0
1610703	1012576	0
1610703	1012582	0
1610703	1012613	0
1610703	1012623	1
1610703	1012625	2
1610703	1012648	4
1610703	1012651	0
1610703	1012652	0
1610703	1012669	0
1610703	1012703	0
1610703	1012744	0
1610703	1012752	98
1610703	1012756	0
1610703	1012764	31
1610703	1012779	74
1610703	1012786	0
1610703	1012796	0
1610703	1012809	10
1610703	1012851	0
1610703	1012859	94
1610703	1012878	0
1610703	1012882	0
1610703	1012884	0
1610703	1012903	20
1610703	1012920	0
1610703	1012948	60
1610703	1012995	0
1610703	1012998	0
1610703	1013012	0
1610703	1013014	0
1610703	1013016	2
1610703	1013022	70
1610703	1013023	0
1610703	1013025	30
1610703	1013027	0
1610703	1013028	0
1610703	1013048	0
1610703	1013049	0
1610703	1013061	0
1610703	1013070	0
1610703	1013085	0
1610703	1013097	0
1610703	1013104	30
1610703	1013110	0
1610703	1013111	0
1610703	1013119	0
1610703	1013133	0
1610703	1013135	0
1610703	1013141	70
1610703	1013151	94
1610703	1013176	0
1610703	1013178	0
1610703	1013181	100
1610703	1013213	10
1610703	1013280	0
1610703	1013281	0
1610703	1013310	0
1610703	1013320	0
1610703	1013339	50
1610703	1013350	0
1610703	1013352	0
1610703	1013354	92
1610703	1013355	0
1610703	1013356	0
1610703	1013365	0
1610703	1013374	0
1610703	1013384	95
1610703	1013412	0
1610703	1013414	0
1610703	1013424	1
1610703	1013438	0
1610703	1013492	30
1610703	1013525	0
1610703	1013565	0
1610703	1013581	0
1610703	1013586	0
1610703	1013589	0
1610703	1013596	0
1610703	1013625	0
1610703	1013638	0
1610703	1013649	0
1610703	1013660	0
1610703	1013689	0
1610703	1013691	0
1610703	1013697	4
1610703	1013714	0
1610703	1013716	0
1610703	1013726	0
1610703	1013735	0
1610703	1013736	0
1610703	1013738	0
1610703	1013743	0
1610703	1013772	0
1610703	1013786	30
1610703	1013805	0
1610703	1013806	83
1610703	1013823	0
1610703	1013892	0
1610703	1013898	0
1610703	1013901	0
1610703	1013915	0
1610703	1013942	0
1610703	1014038	0
1610703	1014091	0
1610703	1014120	0
1610703	1014140	0
1610703	1014161	0
1610703	1014169	0
1610703	1014171	0
1610703	1014183	0
1610703	1014188	0
1610703	1014196	0
1610703	1014218	0
1610703	1014246	0
1610703	1014252	39
1610703	1014264	0
1610703	1014287	0
1610703	1014312	40
1610703	1014358	100
1610703	1014374	0
1610703	1014381	0
1610703	1014424	0
1610703	1014425	0
1610703	1014426	20
1610703	1014454	0
1610703	1014463	0
1610703	1014503	40
1610703	1014519	0
1610703	1014521	40
1610703	1014523	8
1610703	1014534	0
1610703	1014547	0
1610703	1014619	0
1610703	1014621	0
1610703	1014622	0
1610703	1014635	95
1610703	1014653	0
1610703	1014674	48
1610703	1014678	61
1610703	1014692	0
1610703	1014696	83
1610703	1014714	0
1610703	1014731	0
1610703	1014733	74
1610703	1014786	0
1610703	1014813	0
1610703	1014827	0
1610703	1014858	0
1610703	1014907	70
1610703	1014915	0
1610703	1014917	0
1610703	1014963	0
1610703	1014995	0
1610703	1015018	0
1610703	1015033	0
1610703	1015034	0
1610703	1015047	0
1610703	1015071	0
1610703	1015124	0
1610703	1015161	10
1610703	1015182	0
1610703	1015191	0
1610703	1015196	0
1610703	1015202	0
1610703	1015207	0
1610703	1015216	0
1610703	1015250	0
1610703	1015272	0
1610703	1015278	0
1610703	1015282	0
1610703	1015297	0
1610703	1015303	0
1610703	1015325	76
1610703	1015339	0
1610703	1015374	57
1610703	1015385	0
1610703	1015386	0
1610703	1015387	0
1610703	1015439	70
1610703	1015452	0
1610703	1015454	0
1610703	1015485	50
1610703	1015493	20
1610703	1015496	0
1610703	1015508	0
1610703	1015524	20
1610703	1015560	50
1610703	1015572	0
1610703	1015576	70
1610703	1015673	60
1610703	1015689	0
1610703	1015713	0
1610703	1015714	0
1610703	1015725	100
1610703	1015735	0
1610703	1015749	0
1610703	1015750	20
1610703	1015760	0
1610703	1015765	74
1610703	1015776	0
1610703	1015786	10
1610703	1015787	60
1610703	1015805	0
1610703	1015829	50
1610703	1015830	50
1610703	1015833	4
1610703	1015834	50
1610703	1015851	0
1610703	1015910	0
1610703	1015911	60
1610703	1015914	0
1610703	1016051	0
1610703	1016122	0
1610703	1016169	0
1610703	1016205	0
1610703	1016208	10
1610703	1016232	0
1610703	1016244	0
1610703	1016246	6
1610703	1016249	0
1610703	1016251	0
1610703	1016254	0
1610703	1016290	0
1610703	1016318	20
1610703	1016407	0
1610703	1016409	0
1610703	1016417	0
1610703	1016419	10
1610703	1016450	2
1610703	1016531	0
1610703	1016599	30
1610703	1016600	79
1610703	1016646	0
1610703	1016663	4
1610703	1016758	0
1610703	1016776	0
1610703	1016790	70
1610703	1016793	0
1610703	1016798	0
1610703	1016816	0
1610703	1016839	0
1610703	1016840	0
1610703	1016847	0
1610703	1016852	0
1610703	1016878	0
1610703	1016885	85
1610703	1016899	0
1610703	1016901	0
1610703	1016989	0
1610703	1016990	0
1610703	1016991	0
1610703	1017017	0
1610703	1017031	0
1610703	1017036	0
1610703	1017063	0
1610703	1017066	0
1610703	1017074	0
1610703	1017101	0
1610703	1017109	0
1610703	1017122	0
1610703	1017127	0
1610703	1017138	0
1610703	1017141	0
1610703	1017157	80
1610703	1017161	0
1610703	1017190	0
1610703	1017219	30
1610703	1017228	0
1610703	1017240	80
1610703	1017249	96
1610703	1017271	0
1610703	1017274	96
1610703	1017297	0
1610703	1017303	0
1610703	1017306	0
1610703	1017324	0
1610703	1017354	76
1610703	1017360	0
1610703	1017367	0
1610703	1017373	0
1610703	1017374	0
1610703	1017377	0
1610703	1017383	70
1610703	1017386	0
1610703	1017403	0
1610703	1017416	0
1610703	1017419	0
1610703	1017434	0
1610703	1017435	0
1610703	1017439	0
1610703	1017441	0
1610703	1017450	0
1610703	1017467	0
1610703	1017474	0
1610703	1017485	0
1610703	1017492	0
1610703	1017511	0
1610703	1017536	0
1610703	1017555	0
1610703	1017559	100
1610703	1017562	0
1610703	1017568	0
1610703	1017619	0
1610703	1017644	0
1610703	1017645	1
1610703	1017685	0
1610703	1017689	0
1610703	1017716	60
1610703	1017717	70
1610703	1017763	0
1610703	1017764	83
1610703	1017765	0
1610703	1017769	40
1610703	1017807	0
1610703	1017819	80
1610703	1017825	0
1610703	1017864	0
1610703	1017874	4
1610703	1017881	0
1610703	1017919	0
1610703	1017927	10
1610703	1017959	0
1610703	1017961	20
1610703	1017964	0
1610703	1017978	23
1610703	1017979	50
1610703	1017989	0
1610703	1017997	17
1610703	1018009	0
1610703	1018048	10
1610703	1018057	0
1610703	1018063	0
1610703	1018070	0
1610703	1018074	0
1610703	1018076	0
1610703	1018077	0
1610703	1018088	0
1610703	1018091	0
1610703	1018097	0
1610703	1018124	0
1610703	1018130	50
1610703	1018138	50
1610703	1018140	0
1610703	1018143	0
1610703	1018178	0
1610703	1018199	0
1610703	1018205	0
1610703	1018224	0
1610703	1018249	0
1610703	1018252	96
1610703	1018262	19
1610703	1018263	0
1610703	1018269	70
1610703	1018280	0
1610703	1018304	0
1610703	1018329	0
1610703	1018342	10
1610703	1018344	0
1610703	1018346	0
1610703	1018349	0
1610703	1018350	21
1610703	1018369	0
1610703	1018387	0
1610703	1018388	0
1610703	1018393	0
1610703	1018414	0
1610703	1018417	0
1610703	1018425	0
1610703	1018437	30
1610703	1018442	0
1610703	1018444	0
1610703	1018471	70
1610703	1018479	0
1610703	1018530	0
1610703	1018539	50
1610703	1018569	0
1610703	1018570	0
1610703	1018587	90
1610703	1018620	0
1610703	1018623	35
1610703	1018686	0
1610703	1018705	0
1610703	1018736	0
1610703	1018737	61
1610703	1018742	4
1610703	1018759	30
1610703	1018770	0
1610703	1018786	0
1610703	1018798	4
1610703	1018803	2
1610703	1018844	0
1610703	1018845	0
1610703	1018851	0
1610703	1018856	0
1610703	1018859	0
1610703	1018861	68
1610703	1018869	0
1610703	1018947	60
1610703	1018963	0
1610703	1018980	0
1610703	1018995	2
1610703	1019009	70
1610703	1019025	0
1610703	1019038	50
1610703	1019067	26
1610703	1019077	0
1610703	1019134	20
1610703	1019153	0
1610703	1019157	0
1610703	1019180	70
1610703	1019213	0
1610703	1019218	0
1610703	1019226	0
1610703	1019241	70
1610703	1019273	0
1610703	1019280	0
1610703	1019303	0
1610703	1019318	0
1610703	1019323	0
1610703	1019331	90
1610703	1019372	0
1610703	1019410	0
1610703	1019417	0
1610703	1019436	0
1610703	1019448	0
1610703	1019456	0
1610703	1019460	0
1610703	1019469	0
1610703	1019474	0
1610703	1019512	79
1610703	1019522	90
1610703	1019532	0
1610703	1019547	90
1610703	1019624	0
1610703	1019651	0
1610703	1019658	1
1610703	1019659	0
1610703	1019663	70
1610703	1019690	0
1610703	1019697	20
1610703	1019746	0
1610703	1019751	0
1610703	1019753	41
1610703	1019766	0
1610703	1019769	0
1610703	1019771	0
1610703	1019775	0
1610703	1019778	0
1610703	1019798	0
1610703	1019801	0
1610703	1019802	78
1610703	1019825	0
1610703	1019833	0
1610703	1019857	50
1610703	1019865	0
1610703	1019875	35
1610703	1019889	40
1610703	1019894	0
1610703	1019935	0
1610703	1019995	0
1610703	1019997	40
1610703	1020033	0
1610703	1020036	80
1610703	1020051	30
1610703	1020115	0
1610703	1020172	0
1610703	1020241	0
1610703	1020261	0
1610703	1020265	10
1610703	1020268	4
1610703	1020277	0
1610703	1020313	70
1610703	1020326	8
1610703	1020349	0
1610703	1020358	0
1610703	1020388	0
1610703	1020395	12
1610703	1020430	0
1610703	1020433	0
1610703	1020463	0
1610703	1020487	0
1610703	1020524	0
1610703	1020551	0
1610703	1020601	0
1610703	1020623	0
1610703	1020629	0
1610703	1020633	0
1610703	1020640	0
1610703	1020650	0
1610703	1020654	0
1610703	1020728	0
1610703	1020739	0
1610703	1020741	0
1610703	1020742	81
1610703	1020750	0
1610703	1020778	74
1610703	1020789	0
1610703	1020822	0
1610703	1020829	0
1610703	1020841	0
1610703	1020854	0
1610703	1020859	0
1610703	1020862	0
1610703	1020867	0
1610703	1020893	0
1610703	1020940	50
1610703	1020949	0
1610703	1020962	0
1610703	1020972	0
1610703	1020983	30
1610703	1020986	0
1610703	1020993	50
1610703	1021005	0
1610703	1021054	55
1610703	1021064	0
1610703	1021114	0
1610703	1021142	2
1610703	1021160	0
1610703	1021186	68
1610703	1021192	85
1610703	1021194	40
1610703	1021206	0
1610703	1021215	40
1610703	1021265	94
1610703	1021282	0
1610703	1021286	20
1610703	1021300	100
1610703	1021357	15
1610703	1021382	81
1610703	1021402	10
1610703	1021413	0
1610703	1021451	0
1610703	1021466	70
1610703	1021515	10
1610703	1021527	20
1610703	1021534	0
1610703	1021545	0
1610703	1021556	0
1610703	1021559	0
1610703	1021578	74
1610703	1021580	60
1610703	1021597	0
1610703	1021618	0
1610703	1021623	100
1610703	1021664	75
1610703	1021671	0
1610703	1021676	0
1610703	1021707	20
1610703	1021718	0
1610703	1021734	10
1610703	1021815	10
1610703	1021818	10
1610703	1021824	0
1610703	1021840	0
1610703	1021869	100
1610703	1021874	0
1610703	1021912	90
1610703	1021928	100
1610703	1021948	0
1610703	1021958	10
1610703	1021992	10
1610703	1022010	15
1610703	1022042	0
1610703	1022096	0
1610703	1022122	0
1610703	1022126	0
1610703	1022136	0
1610703	1022207	90
1610703	1022226	90
1610703	1022230	30
1610703	1022249	0
1610703	1022257	0
1610703	1022262	6
1610703	1022267	0
1610703	1022288	0
1610703	1022297	65
1610703	1022308	0
1610703	1022309	0
1610703	1022313	6
1610703	1022359	30
1610703	1022365	0
1610703	1022379	0
1610703	1022382	30
1610703	1022385	10
1610703	1022389	30
1610703	1022392	75
1610703	1022405	0
1610703	1022428	10
1610703	1022509	0
1610703	1022513	0
1610703	1022519	0
1610703	1022536	0
1610703	1022538	5
1610703	1022543	0
1610703	1022596	0
1610703	1022601	0
1610703	1022645	0
1610703	1022649	0
1610703	1022663	0
1610703	1022688	0
1610703	1022707	0
1610703	1022740	0
1610703	1022741	0
1610703	1022778	0
1610703	1022808	49
1610703	1022809	0
1610703	1022826	0
1610703	1022842	0
1610703	1022878	0
1610703	1022890	0
1610703	1022899	0
1610703	1022925	0
1610703	1022929	20
1610703	1022930	0
1610703	1022942	32
1610703	1022971	0
1610703	1022980	0
1610703	1023006	0
1610703	1023041	0
1610703	1023060	0
1610703	1023065	30
1610703	1023094	0
1610703	1023106	20
1610703	1023164	0
1610703	1023194	0
1610703	1023227	10
1610703	1023236	0
1610703	1023239	0
1610703	1023244	0
1610703	1023261	0
1610703	1023304	0
1610703	1023307	0
1610703	1023356	70
1610703	1023374	0
1610703	1023376	26
1610703	1023383	0
1610703	1023423	0
1610703	1023427	30
1610703	1023454	0
1610703	1023456	100
1610703	1023479	0
1610703	1023491	0
1610703	1023509	2
1610703	1023512	0
1610703	1023537	0
1610703	1023542	50
1610703	1023544	41
1610703	1023566	0
1610703	1023570	0
1610703	1023614	0
1610703	1023631	20
1610703	1023649	0
1610703	1023665	0
1610703	1023677	0
1610703	1023726	0
1610703	1023786	0
1610703	1023790	0
1610703	1023810	0
1610703	1023824	0
1610703	1023828	0
1610703	1023848	10
1610703	1023862	0
1610703	1023876	0
1610703	1023878	0
1610703	1023879	0
1610703	1023907	0
1610703	1023911	0
1610703	1023918	0
1610703	1023954	0
1610703	1023965	0
1610703	1023978	30
1610703	1024015	0
1610703	1024025	0
1610703	1024030	0
1610703	1024038	60
1610703	1024052	4
1610703	1024095	0
1610703	1024111	70
1610703	1024117	0
1610703	1024130	20
1610703	1024147	0
1610703	1024209	0
1610703	1024221	0
1610703	1024246	2
1610703	1024248	0
1610703	1024264	0
1610703	1024269	10
1610703	1024272	0
1610703	1024355	0
1610703	1024362	0
1610703	1024426	0
1610703	1024467	0
1610703	1024473	66
1610703	1024489	0
1610703	1024493	0
1610703	1024496	40
1610703	1024518	0
1610703	1024523	0
1610703	1024526	0
1610703	1024533	0
1610703	1024538	0
1610703	1024544	10
1610703	1024549	60
1610703	1024556	30
1610703	1024565	10
1610703	1024569	0
1610703	1024587	0
1610703	1024601	0
1610703	1024602	83
1610703	1024606	70
1610703	1024618	60
1610703	1024639	90
1610703	1024649	0
1610703	1024670	10
1610703	1024741	0
1610703	1024746	0
1610703	1024752	0
1610703	1024759	0
1610703	1024779	0
1610703	1024820	0
1610703	1024837	0
1610703	1024844	100
1610703	1024868	0
1610703	1024878	0
1610703	1024904	0
1610703	1024922	0
1610703	1024943	0
1610703	1024951	34
1610703	1024992	81
1610703	1025002	0
1610703	1025005	6
1610703	1025010	0
1610703	1025012	0
1610703	1025025	0
1610703	1025039	70
1610703	1025068	0
1610703	1025078	0
1610703	1025090	0
1610703	1025104	0
1610703	1025115	50
1610703	1025118	0
1610703	1025137	0
1610703	1025167	87
1610703	1025173	40
1610703	1025200	10
1610703	1025213	10
1610703	1025217	0
1610703	1025226	50
1610703	1025233	0
1610703	1025243	0
1610703	1025268	60
1610703	1025319	0
1610703	1025380	0
1610703	1025382	0
1610703	1025396	0
1610703	1025397	0
1610703	1025401	0
1610703	1025408	0
1610703	1025443	30
1610703	1025446	14
1610703	1025475	20
1610703	1025477	0
1610703	1025489	0
1610703	1025497	17
1610703	1025499	0
1610703	1025501	10
1610703	1025522	70
1610703	1025569	0
1610703	1025575	0
1610703	1025577	0
1610703	1025609	0
1610703	1025623	0
1610703	1025628	0
1610703	1025643	0
1610703	1025644	0
1610703	1025668	0
1610703	1025681	0
1610703	1025713	10
1610703	1025718	40
1610703	1025735	0
1610703	1025768	0
1610703	1025776	0
1610703	1025801	86
1610703	1025830	59
1610703	1025831	96
1610703	1025834	0
1610703	1025892	0
1610703	1025924	8
1610703	1025939	0
1610703	1025940	0
1610703	1025979	0
1610703	1025981	0
1610703	1026005	0
1610703	1026007	10
1610703	1026015	70
1610703	1026044	59
1610703	1026049	36
1610703	1026050	0
1610703	1026060	20
1610703	1026083	1
1610703	1026098	0
1610703	1026101	81
1610703	1026109	90
1610703	1026124	0
1610703	1026126	70
1610703	1026176	0
1610703	1026184	0
1610703	1026191	0
1610703	1026194	0
1610703	1026209	4
1610703	1026258	0
1610703	1026260	0
1610703	1026268	0
1610703	1026283	0
1610703	1026288	53
1610703	1026295	0
1610703	1026305	0
1610703	1026321	0
1610703	1026328	0
1610703	1026346	0
1610703	1026379	0
1610703	1026388	0
1610703	1026420	20
1610703	1026440	0
1610703	1026457	71
1610703	1026478	0
1610703	1026490	0
1610703	1026500	0
1610703	1026526	0
1610703	1026552	0
1610703	1026566	10
1610703	1026581	0
1610703	1026586	0
1610703	1026620	70
1610703	1026684	30
1610703	1026690	0
1610703	1026762	0
1610703	1026764	0
1610703	1026767	0
1610703	1026782	0
1610703	1026806	2
1610703	1026819	70
1610703	1026841	0
1610703	1026856	60
1610703	1026868	0
1610703	1026872	0
1610703	1026882	70
1610703	1026887	0
1610703	1026905	0
1610703	1026929	0
1610703	1026945	50
1610703	1026958	0
1610703	1026959	0
1610703	1027001	0
1610703	1027009	0
1610703	1027015	0
1610703	1027029	0
1610703	1027046	8
1610703	1027086	0
1610703	1027099	0
1610703	1027109	24
1610703	1027111	0
1610703	1027152	0
1610703	1027164	0
1610703	1027171	6
1610703	1027178	100
1610703	1027179	60
1610703	1027236	40
1610703	1027241	100
1610703	1027250	0
1610703	1027259	0
1610703	1027263	70
1610703	1027320	0
1610703	1027322	0
1610703	1027333	1
1610703	1027350	0
1610703	1027361	0
1610703	1027376	0
1610703	1027386	92
1610703	1027392	0
1610703	1027430	0
1610703	1027434	0
1610703	1027435	0
1610703	1027470	0
1610703	1027547	30
1610703	1027553	0
1610703	1027554	0
1610703	1027563	0
1610703	1027634	0
1610703	1027651	0
1610703	1027685	0
1610703	1027696	0
1610703	1027701	0
1610703	1027718	80
1610703	1027741	0
1610703	1027743	0
1610703	1027746	0
1610703	1027766	1
1610703	1027772	70
1610703	1027779	0
1610703	1027798	100
1610703	1027800	50
1610703	1027812	0
1610703	1027823	0
1610703	1027861	0
1610703	1027883	60
1610703	1027938	60
1610703	1027969	72
1610703	1027978	2
1610703	1028015	0
1610703	1028029	0
1610703	1028073	30
1610703	1028087	0
1610703	1028100	0
1610703	1028106	0
1610703	1028111	0
1610703	1028133	0
1610703	1028152	30
1610703	1028153	0
1610703	1028174	83
1610703	1028175	0
1610703	1028184	0
1610703	1028196	0
1610703	1028205	0
1610703	1028251	70
1610703	1028253	76
1610703	1028255	79
1610703	1028256	100
1610703	1028319	0
1610703	1028339	0
1610703	1028358	90
1610703	1028485	0
1610703	1028505	0
1610703	1028521	0
1610703	1028555	0
1610703	1028557	0
1610703	1028603	70
1610703	1028611	0
1610703	1028612	0
1610703	1028635	0
1610703	1028639	1
1610703	1028668	0
1610703	1028678	0
1610703	1028679	0
1610703	1028705	0
1610703	1028712	0
1610703	1028739	0
1610703	1028746	0
1610703	1028764	0
1610703	1028771	0
1610703	1028774	0
1610703	1028830	0
1610703	1028839	0
1610703	1028850	85
1610703	1028852	90
1610703	1028896	0
1610703	1028898	0
1610703	1028925	0
1610703	1028933	0
1610703	1028955	0
1610703	1028964	0
1610703	1028998	0
1610703	1028999	0
1610703	1029013	0
1610703	1029017	0
1610703	1029019	30
1610703	1029023	0
1610703	1029025	0
1610703	1029042	0
1610703	1029050	0
1610703	1029057	0
1610703	1029068	0
1610703	1029071	0
1610703	1029079	0
1610703	1029080	0
1610703	1029086	0
1610703	1029091	10
1610703	1029093	0
1610703	1029127	0
1610703	1029128	0
1610703	1029138	0
1610703	1029139	0
1610703	1029216	0
1610703	1029219	0
1610703	1029222	0
1610703	1029227	0
1610703	1029239	0
1610703	1029245	0
1610703	1029248	0
1610703	1029256	0
1610703	1029264	30
1610703	1029275	23
1610703	1029278	0
1610703	1029305	0
1610703	1029312	0
1610703	1029314	0
1610703	1029323	0
1610703	1029367	0
1610703	1029368	0
1610703	1029369	0
1610703	1029371	0
1610703	1029374	0
1610703	1029375	0
1610703	1029394	0
1610703	1029420	0
1610703	1029437	0
1610703	1029443	0
1610703	1029458	0
1610703	1029483	0
1610703	1029489	0
1610703	1029539	0
1610703	1029581	40
1610703	1029592	0
1610703	1029599	0
1610703	1029612	0
1610703	1029626	0
1610703	1029630	0
1610703	1029668	0
1610703	1029669	0
1610703	1029675	0
1610703	1029711	8
1610703	1029713	0
1610703	1029719	0
1610703	1029737	0
1610703	1029742	30
1610703	1029746	0
1610703	1029753	10
1610703	1029764	0
1610703	1029805	10
1610703	1029812	0
1610703	1029817	0
1610703	1029826	0
1610703	1029829	0
1610703	1029833	0
1610703	1029901	0
1610703	1029907	0
1610703	1029908	0
1610703	1029910	0
1610703	1029955	0
1610703	1030037	23
1610703	1030047	0
1610703	1030059	0
1610703	1030060	0
1610703	1030078	0
1610703	1030082	0
1610703	1030089	0
1610703	1030126	0
1610703	1030145	0
1610703	1030151	0
1610703	1030155	0
1610703	1030167	0
1610703	1030171	0
1610703	1030188	0
1610703	1030205	0
1610703	1030217	0
1610703	1030227	0
1610703	1030233	0
1610703	1030247	0
1610703	1030251	0
1610703	1030287	0
1610703	1030290	0
1610703	1030294	0
1610703	1030295	0
1610703	1030310	0
1610703	1030311	0
1610703	1030320	0
1610703	1030323	0
1610703	1030332	0
1610703	1030338	0
1610703	1030339	0
1610703	1030344	0
1610703	1030353	0
1610703	1030357	0
1610703	1030364	0
1610703	1030374	0
1610703	1030385	0
1610703	1030387	0
1610703	1030389	0
1610703	1030399	0
1610703	1030402	0
1610703	1030514	0
1610703	1030639	0
1610703	1030656	0
1610703	1030666	90
1610703	1030679	0
1610703	1030683	0
1610703	1030691	0
1610703	1030710	0
1610703	1030713	0
1610703	1030714	0
1610703	1030716	0
1610703	1030717	30
1610703	1030720	10
1610703	1030721	10
1610703	1030754	0
1610703	1030756	0
1610703	1030760	85
1610703	1030803	0
1610703	1030805	0
1610703	1030811	96
1610703	1030814	0
1610703	1030823	0
1610703	1030847	0
1610703	1030861	70
1610703	1030879	50
1610703	1030881	0
1610703	1030933	20
1610703	1030935	0
1610703	1030937	50
1610703	1030992	0
1610703	1030994	0
1610703	1031013	0
1610703	1031018	70
1610703	1031044	0
1610703	1031097	0
1610703	1031108	0
1610703	1031144	0
1610703	1031241	0
1610703	1031256	0
1610703	1031295	70
1610703	1031314	0
1610703	1031332	0
1610703	1031350	0
1610703	1031356	70
1610703	1031364	70
1610703	1031368	92
1610703	1031494	70
1610703	1031503	0
1610703	1031507	65
1610703	1031519	91
1610703	1031528	0
1610703	1031540	0
1610703	1031562	0
1610703	1031573	70
1610703	1031607	0
1610703	1031624	0
1610703	1031671	43
1610703	1031672	0
1610703	1031703	0
1610703	1031716	0
1610703	1031749	40
1610703	1031904	0
1610703	1031908	0
1610703	1031913	0
1610703	1031933	0
1610703	1031973	0
1610703	1032011	0
1610703	1032135	80
1610703	1032152	78
1610703	1032177	0
1610703	1032224	48
1610703	1032235	0
1610703	1032268	0
1610703	1032444	34
1610703	1032448	0
1610703	1032508	0
1610703	1032521	0
1610703	1032552	0
1610703	1032602	0
1610703	1032612	0
1610703	1032638	0
1610703	1032674	45
1610703	1032706	0
1610703	1032861	92
1610703	1032880	0
1610703	1033041	0
1610703	1033116	0
1610703	1033193	0
1610703	1033237	70
1610703	1033290	70
1610703	1033300	70
1610703	1033322	0
1610703	1033337	50
1610703	1033340	0
1610703	1033359	0
1610703	1033398	0
1610703	1033404	0
1610703	1033427	0
1610703	1033451	0
1610703	1033535	0
1610703	1033537	0
1610703	1033577	60
1610703	1033613	50
1610703	1033625	0
1610703	1033785	0
1610703	1033801	70
1610703	1033843	0
1610703	1033873	0
1610703	1033948	0
1610703	1033959	0
1610703	1034047	0
1610703	1034213	0
1610703	1034214	70
1610703	1034537	68
1610703	1034649	70
1610703	1034801	72
1610703	1034807	0
1610703	1034850	0
1610703	1034882	0
1610703	1034883	0
1610703	1034904	0
1610703	1034943	0
1610703	1035111	0
1610703	1035300	0
1610703	1035447	0
1610703	1035473	60
1610703	1035535	51
1610703	1035562	0
1610703	1035667	35
1610703	1035709	0
1610703	1035728	0
1610703	1035798	0
1610703	1035926	70
1610703	1036095	0
1610703	1036148	0
1610703	1036157	70
1610703	1036164	0
1610703	1036378	0
1610703	1036439	0
1610703	1036454	55
1610703	1036595	30
1610703	1036607	0
1610703	1036616	0
1610703	1036736	10
1610703	1036740	70
1610703	1036786	0
1610703	1036871	0
1610703	1036875	0
1610703	1036878	0
1610703	1036987	0
1610703	1037068	0
1610703	1037256	0
1610703	1037383	0
1610703	1037384	0
1610703	1037430	0
1610703	1037469	0
1610703	1037490	0
1610703	1037562	0
1610703	1037620	0
1610703	1037695	0
1610703	1037698	81
1610703	1037730	0
1610703	1037731	40
1610703	1037847	87
1610703	1037956	0
1610703	1038152	0
1610703	1038203	0
1610703	1038207	0
1610703	1038211	0
1610703	1038386	0
1610703	1038473	0
1610703	1038527	0
1610703	1038931	85
1610703	1039046	70
1610703	1039071	0
1610703	1039142	0
1610703	1039216	0
1610703	1039259	0
1610703	1039379	0
1610703	1039493	0
1610703	1039507	50
1610703	1039549	0
1610703	1039675	0
1610703	1039714	0
1610703	1039715	0
1610703	1039719	0
1610703	1039720	0
1610703	1039723	30
1610703	1039725	0
1610703	1039742	50
1610703	1039787	70
1610703	1039877	50
1610703	1039884	0
1610703	1039900	0
1610703	1039945	0
1610703	1040071	20
1610703	1040112	0
1610703	1040122	0
1610703	1040138	100
1610703	1040194	0
1610703	1040393	0
1610703	1040684	2
1610703	1040692	10
1610703	1040712	0
1610703	1040742	98
1610703	1040748	70
1610703	1040751	0
1610703	1040974	0
1610703	1041052	80
1610703	1041122	0
1610703	1041297	0
1610703	1041311	0
1610703	1041511	0
1610703	1041557	39
1610703	1041640	0
1610703	1041684	0
1610703	1041735	66
1610703	1041884	70
1610703	1042272	90
1610703	1042275	0
1610703	1042433	0
1610703	1042453	0
1610703	1042563	0
1610703	1042617	0
1610703	1042672	0
1610703	1042725	0
1610703	1042768	99
1610703	1042771	0
1610703	1042787	78
1610703	1042991	30
1610703	1043051	0
1610703	1043054	0
1610703	1043184	0
1610703	1043238	0
1610703	1043252	0
1610703	1043253	0
1610703	1043286	0
1610703	1043327	0
1610703	1043363	50
1610703	1043366	0
1610703	1043384	0
1610703	1043426	0
1610703	1043451	0
1610703	1043454	40
1610703	1043465	0
1610703	1043477	10
1610703	1043516	0
1610703	1043524	0
1610703	1043525	0
1610703	1043541	92
1610703	1043671	0
1610703	1043673	0
1610703	1043691	0
1610703	1043693	0
1610703	1043712	83
1610703	1043716	0
1610703	1043718	0
1610703	1043814	0
1610703	1043833	90
1610703	1044046	0
1610703	1044065	0
1610703	1044066	0
1610703	1044094	0
1610703	1044209	0
1610703	1044366	60
1610703	1044422	0
1610703	1044450	0
1610703	1044460	0
1610703	1044486	0
1610703	1044487	0
1610703	1044498	0
1610703	1044585	0
1610703	1044604	0
1610703	1044605	70
1610703	1044708	0
1610703	1044717	0
1610703	1044870	0
1610703	1044912	0
1610703	1044914	0
1610703	1044972	0
1610703	1044978	0
1610703	1044998	0
1610703	1045006	0
1610703	1045021	90
1610703	1045024	80
1610703	1045174	0
1610703	1045175	0
1610703	1045191	0
1610703	1045283	0
1610703	1045289	0
1610703	1045299	0
1610703	1045303	0
1610703	1045340	0
1610703	1045343	0
1610703	1045369	80
1610703	1045438	0
1610703	1045525	30
1610703	1045544	0
1610703	1045582	0
1610703	1045625	68
1610703	1045654	0
1610703	1045696	70
1610703	1045697	0
1610703	1045704	70
1610703	1045739	0
1610703	1045944	0
1610703	1045975	0
1610703	1046024	0
1610703	1046059	0
1610703	1046217	0
1610703	1046311	0
1610703	1046331	0
1610703	1046348	0
1610703	1046428	0
1610703	1046755	0
1610703	1046970	0
1610703	1046983	0
1610703	1047037	0
1610703	1047130	78
1610703	1047261	0
1610703	1047371	60
1610703	1047426	0
1610703	1047438	0
1610703	1047550	0
1610703	1047702	0
1610703	1047778	0
1610703	1047827	70
1610703	1048124	0
1610703	1048169	0
1610703	1048320	0
1610703	1048335	80
1610703	1048353	98
1610703	1048498	0
1610703	1048818	0
1610703	1048825	70
1610703	1048902	0
1610703	1048925	40
1610703	1048943	74
1610703	1048952	74
1610703	1049040	0
1610703	1049055	0
1610703	1049197	0
1610703	1049297	60
1610703	1049353	0
1610703	1049618	0
1610703	1049642	0
1610703	1049931	0
1610703	1050209	0
1610703	1050306	0
1610703	1050340	80
1610703	1050478	0
1610703	1050745	0
1610703	1050778	0
1610703	1050855	50
1610703	1051063	0
1610703	1051283	10
1610703	1051407	0
1610703	1051565	50
1610703	1051661	0
1610703	1051689	0
1610703	1051787	30
1610703	1051847	0
1610703	1051852	20
1610703	1052045	0
1610703	1052054	70
1610703	1052069	40
1610703	1052094	0
1610703	1052135	0
1610703	1052200	0
1610703	1052234	70
1610703	1052237	30
1610703	1052268	0
1610703	1052317	50
1610703	1052751	0
1610703	1052771	0
1610703	1053175	0
1610703	1053277	0
1610703	1053287	0
1610703	1053302	0
1610703	1053303	0
1610703	1053349	70
1610703	1053407	20
1610703	1053417	0
1610703	1053438	0
1610703	1053507	100
1610703	1053653	98
1610703	1053667	0
1610703	1053674	0
1610703	1053686	0
1610703	1053919	0
1610703	1053934	0
1610703	1053974	0
1610703	1053989	0
1610703	1054004	0
1610703	1054005	0
1610703	1054006	0
1610703	1054067	0
1610703	1054073	80
1610703	1054173	70
1610703	1054175	84
1610703	1054247	0
1610703	1054318	0
1610703	1055768	0
1610703	1056904	0
1610703	1056930	70
1610703	1057643	66
1610703	1057904	0
1610703	1058519	0
1610703	1058980	90
1610703	1062104	30
1610703	1062238	60
1610703	1064441	50
1610703	1064645	82
1610703	1065243	0
1610703	1066746	0
1610703	1067899	0
1610703	1068684	50
1610703	1068848	0
1610703	1069317	0
1610703	1073209	0
1610703	1075452	0
1610703	1078363	70
1610703	1079523	0
1610703	1081608	0
1610703	1082050	0
1610703	1082816	0
1610703	1082975	0
1610703	1083194	70
1610703	1084504	0
1610703	1084751	68
1610703	1086547	0
1610703	1089503	40
1610703	1089770	0
1610703	1096949	0
1610703	1096952	0
1610703	1097153	0
1610703	1097166	0
1610703	1097178	0
1610703	1097179	0
1610703	1097201	96
1610703	1097202	0
1610703	1097206	90
1610703	1097215	0
1610703	1097218	52
1610703	1097330	0
1610703	1097344	0
1610703	1097346	0
1610703	1097348	0
1610703	1097351	0
1610703	1097368	0
1610703	1097376	0
1610703	1097384	0
1610703	1097387	30
1610703	1097405	60
1610703	1097406	0
1610703	1097408	0
1610703	1097409	0
1610703	1097421	0
1610703	1097422	0
1610703	1097429	0
1610703	1097439	0
1610703	1097444	85
1610703	1097450	70
1610703	1097464	0
1610703	1097471	0
1610703	1097486	70
1610703	1097490	0
1610703	1097498	0
1610703	1097504	74
1610703	1097515	0
1610703	1097526	70
1610703	1097548	0
1610703	1097550	32
1610703	1097563	0
1610703	1097564	70
1610703	1097566	0
1610703	1097579	0
1610703	1097585	90
1610703	1097613	83
1610703	1097627	0
1610703	1097642	0
1610703	1097661	87
1610703	1097708	0
1610703	1097746	0
1610703	1097822	0
1610703	1097931	0
1610703	1097963	0
1610703	1097970	89
1610703	1097972	50
1610703	1097985	0
1610703	1097989	0
1610703	1097990	0
1610703	1097991	0
1610703	1097999	0
1610703	1098007	0
1610703	1098016	0
1610703	1098027	0
1610703	1098029	0
1610703	1098032	40
1610703	1098035	0
1610703	1098037	0
1610703	1098047	0
1610703	1098051	70
1610703	1098058	0
1610703	1098072	0
1610703	1098074	0
1610703	1098075	0
1610703	1098109	92
1610703	1098125	0
1610703	1098134	0
1610703	1098140	0
1610703	1098146	0
1610703	1098153	81
1610703	1098161	85
1610703	1098189	0
1610703	1098193	60
1610703	1098195	90
1610703	1098196	0
1610703	1098197	0
1610703	1098201	79
1610703	1098202	0
1610703	1098206	0
1610703	1098208	94
1610703	1098209	0
1610703	1098212	0
1610703	1098213	0
1610703	1098218	0
1610703	1098222	0
1610703	1098227	70
1610703	1098228	0
1610703	1098232	0
1610703	1098234	0
1610703	1098236	70
1610703	1098240	0
1610703	1098256	0
1610703	1098258	0
1610703	1098259	0
1610703	1098261	0
1610703	1098266	0
1610703	1098268	0
1610703	1098270	80
1610703	1098273	0
1610703	1098276	0
1610703	1098279	80
1610703	1098281	0
1610703	1098284	0
1610703	1098288	80
1610703	1098299	0
1610703	1098300	0
1610703	1098304	0
1610703	1098330	0
1610703	1098334	0
1610703	1098337	0
1610703	1098342	0
1610703	1098349	86
1610703	1098353	0
1610703	1098363	0
1610703	1098379	0
1610703	1098385	50
1610703	1098386	0
1610703	1098401	0
1610703	1098418	0
1610703	1098431	90
1610703	1098433	0
1610703	1098434	0
1610703	1098437	0
1610703	1098438	0
1610703	1098445	70
1610703	1098447	0
1610703	1098459	0
1610703	1098461	70
1610703	1098470	60
1610703	1098473	0
1610703	1098481	1
1610703	1098488	0
1610703	1098489	0
1610703	1098498	0
1610703	1098509	0
1610703	1098526	0
1610703	1098527	0
1610703	1098529	0
1610703	1098535	0
1610703	1098536	2
1610703	1098537	0
1610703	1098541	0
1610703	1098542	0
1610703	1098543	0
1610703	1098545	0
1610703	1098552	0
1610703	1098580	0
1610703	1098588	95
1610703	1098593	0
1610703	1098595	70
1610703	1098596	0
1610703	1098602	1
1610703	1098611	0
1610703	1098619	0
1610703	1098636	0
1610703	1098642	0
1610703	1098665	0
1610703	1098666	0
1610703	1098669	10
1610703	1098680	0
1610703	1098693	0
1610703	1098750	78
1610703	1098775	0
1610703	1098785	0
1610703	1098793	0
1610703	1098798	100
1610703	1098799	0
1610703	1098807	0
1610703	1098818	0
1610703	1098820	45
1610703	1098830	0
1610703	1098831	0
1610703	1098847	0
1610703	1098886	0
1610703	1098887	0
1610703	1098895	0
1610703	1098899	0
1610703	1098912	83
1610703	1098921	70
1610703	1098929	0
1610703	1098955	0
1610703	1098988	0
1610703	1099009	0
1610703	1099015	0
1610703	1099049	0
1610703	1099081	0
1610703	1099097	88
1610703	1099145	0
1610703	1099155	100
1610703	1099159	94
1610703	1099173	70
1610703	1099239	0
1610703	1099256	0
1610703	1099257	0
1610703	1099342	0
1610703	1099435	94
1610703	1100124	0
1610703	1100969	70
